10 270 30
7 3
6 26
9 25
8 18
9 30
5 17
3 17
4 11
8 26
3 13
5 14
6 25
8 1
9 25
8 7
2 7
10 7
2 18
1 10
5 1
1 1
7 13
10 10
3 29
5 27
4 22
1 19
6 20
1 26
4 8
3 16
6 4
4 30
3 7
1 9
7 1
9 24
4 10
3 28
9 30
5 12
1 27
2 28
6 2
3 21
9 17
6 7
10 12
6 24
8 6
4 24
6 25
9 11
4 4
9 12
3 25
5 15
1 6
2 28
7 26
8 8
3 16
4 24
7 11
10 6
8 3
1 5
7 30
6 1
3 16
4 27
2 19
1 14
4 14
1 23
1 20
10 5
5 5
9 23
5 30
8 14
2 19
8 21
8 25
3 12
2 16
8 3
6 10
8 12
3 10
4 23
10 25
10 26
9 10
9 5
9 8
10 2
6 27
2 5
4 4
6 15
2 15
10 29
4 17
10 8
7 5
3 18
9 12
3 19
1 23
5 29
1 24
10 26
3 14
3 26
9 30
2 12
5 11
1 8
10 20
8 16
5 30
3 15
1 7
4 23
10 10
1 30
4 12
7 8
7 9
3 18
1 4
9 15
7 9
4 26
1 21
1 7
2 5
1 22
3 16
4 2
6 26
1 21
10 10
8 16
8 22
3 10
7 24
4 23
2 30
10 22
2 20
8 24
6 11
7 19
6 13
2 13
10 13
5 29
4 14
7 23
7 1
3 14
4 26
8 18
7 8
1 29
9 29
2 27
1 28
5 18
2 18
1 2
10 17
10 5
1 6
8 27
9 30
2 22
5 30
9 4
7 10
2 17
10 23
3 30
2 27
9 14
7 9
7 6
8 6
3 18
4 30
6 2
9 8
5 15
7 16
8 5
5 19
1 16
3 4
7 7
2 15
2 28
6 18
6 3
5 28
2 10
7 17
3 17
4 18
1 22
3 19
6 19
9 9
4 2
4 2
8 25
6 19
5 23
8 10
7 12
9 28
2 17
7 24
3 30
3 3
4 27
1 1
5 12
9 10
3 12
1 12
9 19
10 13
1 19
4 20
10 4
7 13
10 23
9 22
5 1
4 28
8 7
10 4
8 29
6 22
2 16
3 22
6 24
6 29
2 9
8 3
2 26
6 1
9 14
4 3
6 30
2 25
8 11
1 7
1 26
8 25
3 22
8 29
5 4
9 18
2 28
10 16
3 27
8 11
